id: base_lm
title: 'Baseline linear model: log frequency + strokes'
model: lm(mean_log_rt ~ log_freq + strokes)
n_obs: 3852
coefficients:
  intercept: 6.452355
  log_freq: -0.070823
  strokes: 0.0133552
r2: 0.4336544
adj_r2: 0.4333602
sigma: 0.0993719
aic: -6851.1595112
bic: -6826.1341201
timestamp: 2025-11-01T17:41:54+0000
