timestamp: "2025-11-01T10:32:56+0000"
model: lm(mean_log_rt ~ log_freq + strokes)
n_obs: 3852
coefficients:
  intercept: 6.452355
  log_freq: -0.070823
  strokes: 0.013355
r2: 0.433654
adj_r2: 0.433360
sigma: 0.099372
aic: -6851.159511
bic: -6826.134120 
