timestamp: "2025-10-31T13:29:19+0000"
model: lm(mean_log_rt ~ log_freq + strokes)
n_obs: 4
coefficients:
  intercept: 6.832225
  log_freq: -0.246769
  strokes: 0.034337
r2: 0.997707 
